2222222222222222222222222222222222222222222222222222222222222222222222222222222222222222222222222222222222222222222222222222222222222222222222222222222222222222
2222222222222222222222222222222222222222222222222222222222222222222222222222222222222222222222222222222222222222222222222222222222222222222222222222222222222222
2222222222222222222222222222222222222222222222222222222222222222222222222222222222222222222222222222222222222222222222222222222222222222222222222222222222222222
2222333333333333322333333333333333333333333333332223333333333333333333333333333333333333333333222233333333333333333333333333333333333333333332233333333333332222
2226888888888888823888888888888888888888888888882388888888888888888888888888888888888888888888525888888888888888888888888888888888888888888872388888888888885222
2226999999999999823899999999999999999999999999982389999999999999999999999999999999999999999999515888888888888888888888888888888888888888888872389999999999995222
2226999999999999823899999999999999999999999999982389999999999999999999999999999999999999999999515888888888888888888888888888888888888888888872389999999999995122
2226999999999999823899999999999999999999999999982389999999999999999999999999999999999999999999515888888888888888888888888888888888888888888872389999999999995122
2226999999999999823899999999999999999999999999982389999999999999999999999999999999999999999999515888888888888888888888888888888888888888888872389999999999995122
2226999999999999823899999999999999999999999999982389999999999999999999999999999999999999999999515888888888888888888888888888888888888888888872389999999999995122
2226999999999999823899999999999999999999999999982389999999999999999999999999999999999999999999515888888888888888888888888888888888888888888872389999999999995122
2226999999999999823899999999999999999999999999982389999999999999999999999999999999999999999999515888888888888888888888888888888888888888888872389999999999995122
2226999999999999823899999999999999999999999999982389999999999999999999999999999999999999999999515888888888888888888888888888888888888888888872389999999999995122
2226999999999999823899999999999999999999999999982389999999999999999999999999999999999999999999515888888888888888888888888888888888888888888872389999999999995122
2226999999999999823899999999999999999999999999982389999999999999999999999999999999999999999999515888888888888888888888888888888888888888888872389999999999995122
2226999999999999823899999999999999999999999999982389999999999999999999999999999999999999999999515888888888888888888888888888888888888888888872389999999999995122
2226999999999999823899999999999999999999999999982389999999999999999999999999999999999999999999515888888888888888888888888888888888888888888872389999999999995122
2226999999999999823899999999999999999999999999982389999999999999999999999999999999999999999999515888888888888888888888888888888888888888888872389999999999995122
2226999999999999823899999999999999999999999999982389999999999999999999999999999999999999999999515888888888888888888888888888888888888888888872389999999999995122
2226999999999999823899999999999999999999999999982389999999999999999999999999999999999999999999515888888888888888888888888888888888888888888872389999999999995122
2226999999999999823899999999999999999999999999982389999999999999999999999999999999999999999999515888888888888888888888888888888888888888888872389999999999995122
2226999999999999823899999999999999999999999999982389999999999999999999999999999999999999999999515888888888888888888888888888888888888888888872389999999999995122
2226999999999999823888888888888888888888888888872388888888888888888888888888888888888888888888515777777777777777777777777777777777777777777762389999999999995122
2226999999999999822322222222222222222222222222222232222222222222222222222222222222222222222222222222222222222222222222222222222222222222222222389999999999995122
2226999999999999822222222222222222222222222222222222222222222222222222222222222222222222222222222222222222222222233333333333333333333333333332389999999999995122
2226999999999999822333333333333333333333333333333333333333333333333333333333333220000000000000000000000000000023888888888888888888888888888882389999999999995122
2226999999999999822333333333333333333333333333333333333333333333333333333333333120000000000000000000000000000013899999999999999999999999999982389999999999995122
2226999999999999822333333333333333333333333333333333333333333333333333333333333120000000000000000000000000000013899999999999999999999999999982389999999999995122
2226999999999999822333333333333333333333333333333333333333333333333333333333333120000000000000000000000000000013899999999999999999999999999982389999999999995122
2226999999999999822333333333333333333333333333333333333333333333333333333333333120000000000000000000000000000013899999999999999999999999999982389999999999995122
2226999999999999822333333333333333333333333333333333333333333333333333333333333120000000000000000000000000000013899999999999999999999999999982389999999999995122
2226999999999999822333333333333333333333333333333333333333333333333333333333333120000000000000000000000000000013899999999999999999999999999982389999999999995122
2226888888888888722333333333333333333333333333333333333333333333333333333333333120000000000000000000000000000013899999999999999999999999999982389999999999995122
2222222222222222222333333333333333333333333333333333333333333333333333333333333120000000000000000000000000000013899999999999999999999999999982389999999999995122
2222333333333333322333333333333333333333333333333333333333333333333333333333333120000000000000000000000000000013899999999999999999999999999982389999999999995122
2226988888888888832333333333333333333333333333333333333333333333333333333333333120000000000000000000000000000013899999999999999999999999999982389999999999995122
2226999999999999822333333333333333333333333333333333333333333333333333333333333120000000000000000000000000000013899999999999999999999999999982389999999999995122
2226999999999999822333333333333333333333333333333333333333333333333333333333333120000000000000000000000000000013899999999999999999999999999982389999999999995122
2226999999999999822333333333333333333333333333333333333333333333333333333333333120000000000000000000000000000013899999999999999999999999999982389999999999995122
2226999999999999822333333333333333333333333333333333333333333333333333333333333120000000000000000000000000000013899999999999999999999999999982389999999999995122
2226999999999999822333333333333333333333333333333333333333333333333333333333333120000000000000000000000000000013899999999999999999999999999982389999999999995122
2226999999999999822333333333333333333333333333333333333333333333333333333333333120000000000000000000000000000013899999999999999999999999999982389999999999995122
2226999999999999822333333333333333333333333333333333333333333333333333333333333120000000000000000000000000000013899999999999999999999999999982389999999999995122
2226999999999999822333333333333333333333333333333333333333333333333333333333333120000000000000000000000000000013899999999999999999999999999982389999999999995122
2226999999999999822333333333333333333333333333333333333333333333333333333333333120000000000000000000000000000013899999999999999999999999999982389999999999995122
2226999999999999822333333333333333333333333333333333333333333333333333333333333120000000000000000000000000000013899999999999999999999999999982389999999999995122
2226999999999999822333333333333333333333333333333333333333333333333333333333333120000000000000000000000000000013899999999999999999999999999982389999999999995122
2226999999999999822333333333333333333333333333333333333333333333333333333333333120000000000000000000000000000013899999999999999999999999999982389999999999995122
2226999999999999822333333333333333333333333333333333333333333333333333333333333120000000000000000000000000000013899999999999999999999999999982389999999999995122
2226999999999999822333333333333333333333333333333333333333333333333333333333333120000000000000000000000000000013899999999999999999999999999982389999999999995122
2226999999999999822333333333333333333333333333333333333333333333333333333333333120000000000000000000000000000013899999999999999999999999999982389999999999995122
2226999999999999822333333333333333333333333333333333333333333333333333333333333120000000000000000000000000000013899999999999999999999999999982389999999999995122
2226999999999999822333333333333333333333333333333333333333333333333333333333333120000000000000000000000000000013899999999999999999999999999982389999999999995122
2226999999999999822333333333333333333333333333333333333333333333333333333333333120000000000000000000000000000013888888888888888888888888888872388888888888885122
2226999999999999822333333333333333333333333333333333333333333333333333333333333122111111111111111111111111111122322222222222222222222222222222232222222222222222
2226999999999999822333333333333333333333333333333333333333333333333333333333333123333333333333222333333333333322222222222222222222222222222223322222222222222222
2226999999999999822333333333333333333333333333333333333333333333333333333333333138888888888888516888888888888832000000000000012588888888888888888888888888885222
2226999999999999822333333333333333333333333333333333333333333333333333333333333139999999999999516999999999999822000000000000002588888888888888888888888888885222
2226999999999999822333333333333333333333333333333333333333333333333333333333333139999999999999516999999999999822000000000000002588888888888888888888888888884122
2226999999999999822333333333333333333333333333333333333333333333333333333333333139999999999999516999999999999822000000000000002588888888888888888888888888884122
2226999999999999822333333333333333333333333333333333333333333333333333333333333139999999999999516999999999999822000000000000002588888888888888888888888888884122
2226999999999999822333333333333333333333333333333333333333333333333333333333333139999999999999516999999999999822000000000000002588888888888888888888888888884122
2226999999999999822333333333333333333333333333333333333333333333333333333333333139999999999999516999999999999822000000000000002588888888888888888888888888884122
2226999999999999822333333333333333333333333333333333333333333333333333333333333139999999999999516999999999999822000000000000002588888888888888888888888888884122
2226999999999999822333333333333333333333333333333333333333333333333333333333333139999999999999516999999999999822000000000000002588888888888888888888888888884122
2226999999999999822333333333333333333333333333333333333333333333333333333333333139999999999999516999999999999822000000000000002588888888888888888888888888884122
2226999999999999822333333333333333333333333333333333333333333333333333333333333139999999999999516999999999999822000000000000002588888888888888888888888888884122
2226999999999999822333333333333333333333333333333333333333333333333333333333333139999999999999516999999999999822000000000000002588888888888888888888888888884122
2226999999999999822333333333333333333333333333333333333333333333333333333333333139999999999999516999999999999822000000000000002588888888888888888888888888884122
2226999999999999822333333333333333333333333333333333333333333333333333333333333139999999999999516999999999999822000000000000002354444444444444444444444444443222
2226999999999999822333333333333333333333333333333333333333333333333333333333333139999999999999516999999999999822000000000000002211111111111111111111111111112222
2226999999999999822333333333333333333333333333333333333333333333333333333333333139999999999999516999999999999822000000000000002466666666666666666666666666664222
2226999999999999822333333333333333333333333333333333333333333333333333333333333139999999999999516999999999999822000000000000002699999999999999999999999999995222
2226999999999999822333333333333333333333333333333333333333333333333333333333333139999999999999516999999999999822000000000000002699999999999999999999999999995122
2226999999999999822333333333333333333333333333333333333333333333333333333333333139999999999999516999999999999822000000000000002699999999999999999999999999995122
2226999999999999822333333333333333333333333333333333333333333333333333333333333139999999999999516999999999999822000000000000002699999999999999999999999999995122
2226999999999999822333333333333333333333333333333333333333333333333333333333333139999999999999516999999999999822000000000000002699999999999999999999999999995122
2226999999999999822333333333333333333333333333333333333333333333333333333333333139999999999999516999999999999822000000000000002699999999999999999999999999995122
2226999999999999822333333333333333333333333333333333333333333333333333333333333139999999999999516999999999999822000000000000002699999999999999999999999999995122
2226999999999999822333333333333333333333333333333333333333333333333333333333333139999999999999516999999999999822000000000000002699999999999999999999999999995122
2226999999999999822333333333333333333333333333333333333333333333333333333333333139999999999999516999999999999822000000000000002699999999999999999999999999995122
2226999999999999822333333333333333333333333333333333333333333333333333333333333139999999999999516999999999999822000000000000002699999999999999999999999999995122
2226999999999999822333333333333333333333333333333333333333333333333333333333333139999999999999516999999999999822000000000000002699999999999999999999999999995122
2226999999999999822333333333333333333333333333333333333333333333333333333333333139999999999999516999999999999822000000000000002699999999999999999999999999995122
2226888888888888722333333333333333333333333333333333333333333333333333333333333138888888888888516888888888888722000000000000002688888888888888888888888888885122
2222222222222222222211111111111111111111111111111111111111111111111111111111111222222222222222222222222222222222211111111111112222222222222222222222222222222222
2222323333333333322333333333333333333333333333332233333333333333333333333333333223333333333333222222222222222222222222222222222222222222222222222222222222222222
2224888888888888723888888888888888888888888888872388888888888888888888888888888239888888888888523444444444444444444444444444432333333333333333333333333333332222
2224888888888888723888888888888888888888888888872389999999999999999999999999998239999999999999513444444444444444444444444444422333333333333333333333333333332222
2224888888888888723888888888888888888888888888872389999999999999999999999999998239999999999999513444444444444444444444444444422333333333333333333333333333332222
2224888888888888723888888888888888888888888888872389999999999999999999999999998239999999999999513444444444444444444444444444422333333333333333333333333333332222
2224888888888888723888888888888888888888888888872389999999999999999999999999998239999999999999513444444444444444444444444444422333333333333333333333333333332222
2224888888888888723888888888888888888888888888872389999999999999999999999999998239999999999999513444444444444444444444444444422333333333333333333333333333332222
2224888888888888723888888888888888888888888888872389999999999999999999999999998239999999999999513444444444444444444444444444422333333333333333333333333333332222
2224888888888888723888888888888888888888888888872389999999999999999999999999998239999999999999513444444444444444444444444444422333333333333333333333333333332222
2224888888888888723888888888888888888888888888872389999999999999999999999999998239999999999999513444444444444444444444444444422333333333333333333333333333332222
2224888888888888723888888888888888888888888888872389999999999999999999999999998239999999999999513444444444444444444444444444422333333333333333333333333333332222
2224888888888888723888888888888888888888888888872389999999999999999999999999998239999999999999513444444444444444444444444444422333333333333333333333333333332222
2224888888888888723888888888888888888888888888872389999999999999999999999999998239999999999999513444444444444444444444444444422333333333333333333333333333332222
2224888888888888723888888888888888888888888888872389999999999999999999999999998239999999999999513444444444444444444444444444422333333333333333333333333333332222
2224888888888888723888888888888888888888888888872389999999999999999999999999998239999999999999513444444444444444444444444444422333333333333333333333333333332222
2224888888888888723888888888888888888888888888872389999999999999999999999999998239999999999999513444444444444444444444444444422333333333333333333333333333332222
2224888888888888723888888888888888888888888888872389999999999999999999999999998239999999999999513444444444444444444444444444422333333333333333333333333333332222
2224888888888888723888888888888888888888888888872389999999999999999999999999998239999999999999513444444444444444444444444444422333333333333333333333333333332222
2224888888888888723888888888888888888888888888872389999999999999999999999999998239999999999999513444444444444444444444444444422333333333333333333333333333332222
2224888888888888723888888888888888888888888888872388888888888888888888888888888239999999999999513444444444444444444444444444422333333333333333333333333333332222
2224888888888888723888888888888888888888888888872232222222222222222222222222222239999999999999513444444444444444444444444444422333333333333333333333333333332222
2224888888888888723888888888888888888888888888872222222222222222222222222222222239999999999999513444444444444444444444444444422333333333333333333333333333332222
2224888888888888723888888888888888888888888888872388888888888888888888888888888239999999999999513444444444444444444444444444422333333333333333333333333333332222
2224888888888888723888888888888888888888888888872389999999999999999999999999998239999999999999513444444444444444444444444444422333333333333333333333333333332222
2224888888888888723888888888888888888888888888872389999999999999999999999999998239999999999999513444444444444444444444444444422333333333333333333333333333332222
2224888888888888723888888888888888888888888888872389999999999999999999999999998239999999999999513444444444444444444444444444422333333333333333333333333333332222
2224888888888888723888888888888888888888888888872389999999999999999999999999998239999999999999513444444444444444444444444444422333333333333333333333333333332222
2224888888888888723888888888888888888888888888872389999999999999999999999999998239999999999999513444444444444444444444444444422333333333333333333333333333332222
2224888888888888723888888888888888888888888888872389999999999999999999999999998239999999999999513444444444444444444444444444422333333333333333333333333333332222
2224888888888888723888888888888888888888888888872389999999999999999999999999998239999999999999513444444444444444444444444444422333333333333333333333333333332222
2224888888888888723888888888888888888888888888872389999999999999999999999999998239999999999999513444444444444444444444444444422333333333333333333333333333332222
2224888888888888723888888888888888888888888888872389999999999999999999999999998239999999999999513444444444444444444444444444422333333333333333333333333333332222
2224888888888888723888888888888888888888888888872389999999999999999999999999998239999999999999513444444444444444444444444444422333333333333333333333333333332222
2224888888888888723888888888888888888888888888872389999999999999999999999999998239999999999999513444444444444444444444444444422333333333333333333333333333332222
2224888888888888723888888888888888888888888888872389999999999999999999999999998239999999999999513444444444444444444444444444422333333333333333333333333333332222
2224888888888888723888888888888888888888888888872389999999999999999999999999998239999999999999513444444444444444444444444444422333333333333333333333333333332222
2224888888888888723888888888888888888888888888872389999999999999999999999999998239999999999999513444444444444444444444444444422333333333333333333333333333332222
2224888888888888723888888888888888888888888888872389999999999999999999999999998239999999999999513444444444444444444444444444422333333333333333333333333333332222
2224888888888888723888888888888888888888888888872389999999999999999999999999998239999999999999513444444444444444444444444444422333333333333333333333333333332222
2224888888888888723888888888888888888888888888872389999999999999999999999999998239999999999999513444444444444444444444444444422333333333333333333333333333332222
2224777777777777623877777777777777777777777777762388888888888888888888888888887238888888888888513444444444444444444444444444422333333333333333333333333333332222
2222222222222222222222222222222222222222222222222232222222222222222222222222222222222222222222222211111111111122111111111111112221111111111111111111111111111222
2222222222222222222222222222222222222222222222222222222222222222223333333333333223333333333333333333333333333322332222222222232222222222222232233333333333332222
2223444444444444444444444444444432233333333333333333333333333333258888888888888238888888888888888888888888888822888888888888888888888888888872388888888888885222
2223444444444444444444444444444432233333333333333333333333333332159999999999998239999999999999999999999999999822888888888888888888888888888872389999999999995122
2223444444444444444444444444444432233333333333333333333333333332159999999999998239999999999999999999999999999822888888888888888888888888888872389999999999995122
2223444444444444444444444444444432233333333333333333333333333332159999999999998239999999999999999999999999999822888888888888888888888888888872389999999999995122
2223444444444444444444444444444432233333333333333333333333333332159999999999998239999999999999999999999999999822888888888888888888888888888872389999999999995122
2223444444444444444444444444444432233333333333333333333333333332159999999999998239999999999999999999999999999822888888888888888888888888888872389999999999995122
2223444444444444444444444444444432233333333333333333333333333332159999999999998239999999999999999999999999999822888888888888888888888888888872389999999999995122
2223444444444444444444444444444432233333333333333333333333333332159999999999998239999999999999999999999999999822888888888888888888888888888872389999999999995122
2223444444444444444444444444444432233333333333333333333333333332159999999999998239999999999999999999999999999822888888888888888888888888888872389999999999995122
2223444444444444444444444444444432233333333333333333333333333332159999999999998239999999999999999999999999999822888888888888888888888888888872389999999999995122
2223444444444444444444444444444432233333333333333333333333333332159999999999998239999999999999999999999999999822888888888888888888888888888872389999999999995122
2223444444444444444444444444444432233333333333333333333333333332159999999999998239999999999999999999999999999822888888888888888888888888888872389999999999995122
2223444444444444444444444444444432233333333333333333333333333332159999999999998239999999999999999999999999999822888888888888888888888888888872389999999999995122
2223444444444444444444444444444432233333333333333333333333333332159999999999998239999999999999999999999999999822888888888888888888888888888872389999999999995122
2223444444444444444444444444444432233333333333333333333333333332159999999999998239999999999999999999999999999822888888888888888888888888888872389999999999995122
2223444444444444444444444444444432233333333333333333333333333332159999999999998239999999999999999999999999999822888888888888888888888888888872389999999999995122
2223444444444444444444444444444432233333333333333333333333333332159999999999998239999999999999999999999999999822888888888888888888888888888872389999999999995122
2223444444444444444444444444444432233333333333333333333333333332159999999999998239999999999999999999999999999822888888888888888888888888888872389999999999995122
2223444444444444444444444444444432233333333333333333333333333332159999999999998238888888888888888888888888888722888888888888888888888888888872388888888888885122
2223444444444444444444444444444432233333333333333333333333333332159999999999998222222222222222222222222222222222888888888888888888888888888872222222222222222222
2223444444444444444444444444444432233333333333333333333333333332159999999999998223333333333333333333333333333322888888888888888888888888888872222222222222222222
2223444444444444444444444444444432233333333333333333333333333332159999999999998238888888888888888888888888888822888888888888888888888888888872200000000000001222
2223444444444444444444444444444432233333333333333333333333333332159999999999998239999999999999999999999999999822888888888888888888888888888872200000000000001222
2223444444444444444444444444444432233333333333333333333333333332159999999999998239999999999999999999999999999822888888888888888888888888888872200000000000000222
2223444444444444444444444444444432233333333333333333333333333332159999999999998239999999999999999999999999999822888888888888888888888888888872200000000000000222
2223444444444444444444444444444432233333333333333333333333333332159999999999998239999999999999999999999999999822888888888888888888888888888872200000000000000222
2223444444444444444444444444444432233333333333333333333333333332159999999999998239999999999999999999999999999822888888888888888888888888888872200000000000000222
2223444444444444444444444444444432233333333333333333333333333332159999999999998239999999999999999999999999999822888888888888888888888888888872200000000000000222
2223444444444444444444444444444432233333333333333333333333333332159999999999998239999999999999999999999999999822888888888888888888888888888872200000000000000222
2223444444444444444444444444444432233333333333333333333333333332159999999999998239999999999999999999999999999822888888888888888888888888888872200000000000000222
2223444444444444444444444444444432233333333333333333333333333332159999999999998239999999999999999999999999999822888888888888888888888888888872200000000000000222
2223444444444444444444444444444432233333333333333333333333333332159999999999998239999999999999999999999999999822888888888888888888888888888872200000000000000222
2223444444444444444444444444444432233333333333333333333333333332159999999999998239999999999999999999999999999822888888888888888888888888888872200000000000000222
2223444444444444444444444444444432233333333333333333333333333332159999999999998239999999999999999999999999999822888888888888888888888888888872200000000000000222
2223444444444444444444444444444432233333333333333333333333333332159999999999998239999999999999999999999999999822888888888888888888888888888872200000000000000222
2223444444444444444444444444444432233333333333333333333333333332159999999999998239999999999999999999999999999822888888888888888888888888888872200000000000000222
2223444444444444444444444444444432233333333333333333333333333332159999999999998239999999999999999999999999999822888888888888888888888888888872200000000000000222
2223444444444444444444444444444432233333333333333333333333333332159999999999998239999999999999999999999999999822888888888888888888888888888872200000000000000222
2223444444444444444444444444444432233333333333333333333333333332159999999999998239999999999999999999999999999822888888888888888888888888888872200000000000000222
2223444444444444444444444444444432233333333333333333333333333332158888888888888238888888888888888888888888888722877777777777777777777777777762200000000000000222
2222211111111111122111111111111112221111111111111111111111111111222222222222222223222222222222222222222222222222222222222222222222222222222222221111111111111222
2222333333333333322233333333333322222222222222222233333333333332223333333333333222222222222222222222222222222222222222222222222222222222222222233333333333332222
2224888888888888832788888888888852100000000000002288888888888886158888888888888324444444444444444444444444444444444444444444444444444444444442388888888888885222
2224888888888888822788888888888852100000000000001289999999999996159999999999999224444444444444444444444444444444444444444444444444444444444442389999999999995222
2224888888888888822788888888888852100000000000001289999999999996159999999999999224444444444444444444444444444444444444444444444444444444444442389999999999995122
2224888888888888822788888888888852100000000000001289999999999996159999999999999224444444444444444444444444444444444444444444444444444444444442389999999999995122
2224888888888888822788888888888852100000000000001289999999999996159999999999999224444444444444444444444444444444444444444444444444444444444442389999999999995122
2224888888888888822788888888888852100000000000001289999999999996159999999999999224444444444444444444444444444444444444444444444444444444444442389999999999995122
2224888888888888822788888888888852100000000000001289999999999996159999999999999224444444444444444444444444444444444444444444444444444444444442389999999999995122
2224888888888888822788888888888852100000000000001289999999999996159999999999999224444444444444444444444444444444444444444444444444444444444442389999999999995122
2224888888888888822788888888888852100000000000001289999999999996159999999999999224444444444444444444444444444444444444444444444444444444444442389999999999995122
2224888888888888822788888888888852100000000000001289999999999996159999999999999224444444444444444444444444444444444444444444444444444444444442389999999999995122
2224888888888888822788888888888852100000000000001289999999999996159999999999999224444444444444444444444444444444444444444444444444444444444442389999999999995122
2224888888888888822788888888888852100000000000001289999999999996159999999999999224444444444444444444444444444444444444444444444444444444444442389999999999995122
2224888888888888822788888888888852100000000000001289999999999996159999999999999224444444444444444444444444444444444444444444444444444444444442389999999999995122
2223544444444444422788888888888852100000000000001289999999999996159999999999999224444444444444444444444444444444444444444444444444444444444442389999999999995122
2222222222222222222788888888888852100000000000001289999999999996159999999999999224444444444444444444444444444444444444444444444444444444444442389999999999995122
2222111111111111122788888888888852100000000000001289999999999996159999999999999224444444444444444444444444444444444444444444444444444444444442389999999999995122
2221000000000000012788888888888852100000000000001289999999999996159999999999999224444444444444444444444444444444444444444444444444444444444442389999999999995122
2221000000000000012788888888888852100000000000001289999999999996159999999999999224444444444444444444444444444444444444444444444444444444444442389999999999995122
2221000000000000012788888888888852100000000000001289999999999996159999999999999224444444444444444444444444444444444444444444444444444444444442389999999999995122
2221000000000000012788888888888852100000000000001289999999999996159999999999999224444444444444444444444444444444444444444444444444444444444442389999999999995122
2221000000000000012788888888888852100000000000001289999999999996159999999999999224444444444444444444444444444444444444444444444444444444444442389999999999995122
2221000000000000012788888888888852100000000000001289999999999996159999999999999224444444444444444444444444444444444444444444444444444444444442389999999999995122
2221000000000000012788888888888852100000000000001289999999999996159999999999999224444444444444444444444444444444444444444444444444444444444442389999999999995122
2221000000000000012788888888888852100000000000001289999999999996159999999999999224444444444444444444444444444444444444444444444444444444444442389999999999995122
2221000000000000012788888888888852100000000000001289999999999996159999999999999224444444444444444444444444444444444444444444444444444444444442389999999999995122
2221000000000000012788888888888852100000000000001289999999999996159999999999999224444444444444444444444444444444444444444444444444444444444442389999999999995122
2221000000000000012788888888888852100000000000001289999999999996159999999999999224444444444444444444444444444444444444444444444444444444444442389999999999995122
2221000000000000012788888888888852100000000000001289999999999996159999999999999224444444444444444444444444444444444444444444444444444444444442389999999999995122
2221000000000000012777777777777752100000000000001288888888888886158888888888888224444444444444444444444444444444444444444444444444444444444442389999999999995122
2222211111111111112222222222222222221111111111111222222222222222222222222222222224444444444444444444444444444444444444444444444444444444444442389999999999995122
2222333333333333322333333333333333333333333333332222222222222222222222222222222224444444444444444444444444444444444444444444444444444444444442389999999999995122
2225888888888888832888888888888888888888888888883200000000000000000000000000000224444444444444444444444444444444444444444444444444444444444442389999999999995122
2225999999999999922899999999999999999999999999992200000000000000000000000000000124444444444444444444444444444444444444444444444444444444444442389999999999995122
2225999999999999922899999999999999999999999999992200000000000000000000000000000124444444444444444444444444444444444444444444444444444444444442389999999999995122
2225999999999999922899999999999999999999999999992200000000000000000000000000000124444444444444444444444444444444444444444444444444444444444442389999999999995122
2225999999999999922899999999999999999999999999992200000000000000000000000000000124444444444444444444444444444444444444444444444444444444444442389999999999995122
2225999999999999922899999999999999999999999999992200000000000000000000000000000124444444444444444444444444444444444444444444444444444444444442389999999999995122
2225999999999999922899999999999999999999999999992200000000000000000000000000000124444444444444444444444444444444444444444444444444444444444442389999999999995122
2225999999999999922899999999999999999999999999992200000000000000000000000000000124444444444444444444444444444444444444444444444444444444444442389999999999995122
2225999999999999922899999999999999999999999999992200000000000000000000000000000124444444444444444444444444444444444444444444444444444444444442389999999999995122
2225999999999999922899999999999999999999999999992200000000000000000000000000000124444444444444444444444444444444444444444444444444444444444442389999999999995122
2225999999999999922899999999999999999999999999992200000000000000000000000000000124444444444444444444444444444444444444444444444444444444444442389999999999995122
2225999999999999922899999999999999999999999999992200000000000000000000000000000124444444444444444444444444444444444444444444444444444444444442389999999999995122
2225999999999999922899999999999999999999999999992200000000000000000000000000000124444444444444444444444444444444444444444444444444444444444442389999999999995122
2225999999999999922899999999999999999999999999992200000000000000000000000000000124444444444444444444444444444444444444444444444444444444444442389999999999995122
2225999999999999922899999999999999999999999999992200000000000000000000000000000124444444444444444444444444444444444444444444444444444444444442389999999999995122
2225999999999999922899999999999999999999999999992200000000000000000000000000000124444444444444444444444444444444444444444444444444444444444442389999999999995122
2225999999999999922899999999999999999999999999992200000000000000000000000000000124444444444444444444444444444444444444444444444444444444444442389999999999995122
2225999999999999922899999999999999999999999999992200000000000000000000000000000124444444444444444444444444444444444444444444444444444444444442389999999999995122
2225999999999999922899999999999999999999999999992200000000000000000000000000000124444444444444444444444444444444444444444444444444444444444442388888888888885122
2225999999999999922899999999999999999999999999992200000000000000000000000000000124444444444444444444444444444444444444444444444444444444444442222222222222222222
2225999999999999922899999999999999999999999999992200000000000000000000000000000124444444444444444444444444444444444444444444444444444444444442233333333333332222
2225999999999999922899999999999999999999999999992200000000000000000000000000000124444444444444444444444444444444444444444444444444444444444442288888888888886222
2225999999999999922899999999999999999999999999992200000000000000000000000000000124444444444444444444444444444444444444444444444444444444444442289999999999996122
2225999999999999922899999999999999999999999999992200000000000000000000000000000124444444444444444444444444444444444444444444444444444444444442289999999999996122
2225999999999999922899999999999999999999999999992200000000000000000000000000000124444444444444444444444444444444444444444444444444444444444442289999999999996122
2225999999999999922899999999999999999999999999992200000000000000000000000000000124444444444444444444444444444444444444444444444444444444444442289999999999996122
2225999999999999922899999999999999999999999999992200000000000000000000000000000124444444444444444444444444444444444444444444444444444444444442289999999999996122
2225999999999999922899999999999999999999999999992200000000000000000000000000000124444444444444444444444444444444444444444444444444444444444442289999999999996122
2225999999999999922888888888888888888888888888882200000000000000000000000000000124444444444444444444444444444444444444444444444444444444444442289999999999996122
2225999999999999922222222222222222222222222222222221111111111111111111111111111222211111111111111111111111111122111111111111111111111111111112289999999999996122
2225999999999999922232222222222222222222222222223233333333333332223333333333333333333333333333333333333333333322233333333333333333333333333332289999999999996122
2225999999999999922788888888888888888888888888888888888888888885158888888888888888888888888888888888888888888832888888888888888888888888888883289999999999996122
2225999999999999922788888888888888888888888888888888888888888885159999999999999999999999999999999999999999999922899999999999999999999999999992289999999999996122
2225999999999999922788888888888888888888888888888888888888888885159999999999999999999999999999999999999999999922899999999999999999999999999992289999999999996122
2225999999999999922788888888888888888888888888888888888888888885159999999999999999999999999999999999999999999922899999999999999999999999999992289999999999996122
2225999999999999922788888888888888888888888888888888888888888885159999999999999999999999999999999999999999999922899999999999999999999999999992289999999999996122
2225999999999999922788888888888888888888888888888888888888888885159999999999999999999999999999999999999999999922899999999999999999999999999992289999999999996122
2225999999999999922788888888888888888888888888888888888888888885159999999999999999999999999999999999999999999922899999999999999999999999999992289999999999996122
2225999999999999922788888888888888888888888888888888888888888885159999999999999999999999999999999999999999999922899999999999999999999999999992289999999999996122
2225999999999999922788888888888888888888888888888888888888888885159999999999999999999999999999999999999999999922899999999999999999999999999992289999999999996122
2225999999999999922788888888888888888888888888888888888888888885159999999999999999999999999999999999999999999922899999999999999999999999999992289999999999996122
2225999999999999922788888888888888888888888888888888888888888885159999999999999999999999999999999999999999999922899999999999999999999999999992289999999999996122
2225999999999999922788888888888888888888888888888888888888888885159999999999999999999999999999999999999999999922899999999999999999999999999992289999999999996122
2225999999999999922788888888888888888888888888888888888888888885159999999999999999999999999999999999999999999922899999999999999999999999999992289999999999996122
2225999999999999922788888888888888888888888888888888888888888885159999999999999999999999999999999999999999999922899999999999999999999999999992289999999999996122
2225999999999999922788888888888888888888888888888888888888888885159999999999999999999999999999999999999999999922899999999999999999999999999992289999999999996122
2225999999999999922788888888888888888888888888888888888888888885159999999999999999999999999999999999999999999922899999999999999999999999999992289999999999996122
2225999999999999922788888888888888888888888888888888888888888885159999999999999999999999999999999999999999999922899999999999999999999999999992289999999999996122
2225999999999999922788888888888888888888888888888888888888888885159999999999999999999999999999999999999999999922899999999999999999999999999992289999999999996122
2225888888888888822777777777777777777777777777777777777777777775158888888888888888888888888888888888888888888822888888888888888888888888888882288888888888886122
2222222222222222222222222222222222222222222222222222222222222222222222222222222222222222222222222222222222222222222222222222222222222222222222222222222222222222
2222222222222222222222222222222222222222222222222222222222222222222222222222222222222222222222222222222222222222222222222222222222222222222222222222222222222222
2222222222222222222222222222222222222222222222222222222222222222222222222222222222222222222222222222222222222222222222222222222222222222222222222222222222222222
2222222222222222222222222222222222222222222222222222222222222222222222222222222222222222222222222222222222222222222222222222222222222222222222222222222222222222
